000000100100010000110000
010001000011011000110010
001101010011010001000100
001100000011001000111001
010001000011001100110000
001100000011000100110000
001100000011000000110000
001100000011000000110001
001100000011000000110000
000011011111001000000011
000000100100010000110000
010001000011011000110010
001101010011010001000100
001100000011001000111001
010001000011001100110000
001100000011000100110000
001100000011000000110000
001100000011000000110001
001100000011000000110000
000011011111001000000011
000000100100010000110000
010001000011011000110010
001101010011010001000100
001100000011001000111001
010001000011001100110000
001100000011000100110000
001100000011000000110000
001100000011000000110001
001100000011000000110000
000011011111001000000011
000000100100010000110000
010001000011011000110010
001101010011010001000100
000000100100010000110000
000000100100010000110000
000000100100010000110000
000000100100010000110000
000000100100010000110000
000000100100010000110000
000000100100010000110000
000000100100010000110000
000000100100010000110000
000000100100010000110000
000000100100010000110000
000000100100010000110000
000000100100010000110000
000000100100010000110000
000000100100010000110000
000000100100010000110000
000000100100010000110000
000000100100010000110000
000000100100010000110000
000000100100010000110000
000000100100010000110000
000000100100010000110000
000000100100010000110000
000000100100010000110000
000000100100010000110000
010001000011011000110010
001101010011010001000100
001100000011001000111001
010001000011001100110000
001100000011000100110000
001100000011000000110000
001100000011000000110001
001100000011000000110000
000011011111001000000011
000000100100010000110000
010001000011011000110010
001101010011010001000100
001100000011001000111001
010001000011001100110000
001100000011000100110000
001100000011000000110000
001100000011000000110001
001100000011000000110000
000011011111001000000011
000000100100010000110000
010001000011011000110010
001101010011010001000100
000000100100010000110000
000000100100010000110000
000000100100010000110000
000000100100010000110000
000000100100010000110000
000000100100010000110000
000000100100010000110000
000000100100010000110000
000000100100010000110000
000000100100010000110000
000000100100010000110000
000000100100010000110000
000000100100010000110000
000000100100010000110000
000000100100010000110000
000000100100010000110000
000000100100010000110000
000000100100010000110000
000000100100010000110000
000000100100010000110000
000000100100010000110000
000000100100010000110000
000000100100010000110000
000000100100010000110000
000000100100010000110000