000000100100010000110000010001000011011000110010001101010011010001000100001100000011001000111001010001000011001100110000001100000011000100110000001100000011000000110000001100100011000100110001001100000011000000110000000011101111000100000011
000000100100010000110000010001000011011000110010001101010011010001000100001100000011001000111001010001000011001100110000001100000011000100110000001100000011000000110000001100100011000100110001001100000011000000110000000011101111000100000011
000000100100010000110000010001000011011000110010001101010011010001000100001100000011001000111001010001000011001100110000001100000011000100110000001100000011000000110000001100100011000100110001001100000011000000110000000011101111000100000011
000000100100010000110000010001000011011000110010001101010011010001000100001100000011001000111001010001000011001100110000001100000011000100110000001100000011000000110000001100100011000100110001001100000011000000110000000011101111000100000011
000000100100010000110000010001000011011000110010001101010011010001000100001100000011001000111001010001000011001100110000001100000011000100110000001100000011000000110000001100100011000100110001001100000011000000110000000011101111000100000011
000000100100010000110000010001000011011000110010001101010011010001000100001100000011001000111001010001000011001100110000001100000011000100110000001100000011000000110000001100100011000100110001001100000011000000110000000011101111000100000011
000000100100010000110000010001000011011000110010001101010011010001000100001100000011001000111001010001000011001100110000001100000011000100110000001100000011000000110000001100100011000100110001001100000011000000110000000011101111000100000011
000000100100010000110000010001000011011000110010001101010011010001000100001100000011001000111001010001000011001100110000001100000011000100110000001100000011000000110000001100100011000100110001001100000011000000110000000011101111000100000011
000000100100010000110000010001000011011000110010001101010011010001000100001100000011001000111001010001000011001100110000001100000011000100110000001100000011000000110000001100100011000100110001001100000011000000110000000011101111000100000011
000000100100010000110000010001000011011000110010001101010011010001000100001100000011001000111001010001000011001100110000001100000011000100110000001100000011000000110000001100100011000100110001001100000011000000110000000011101111000100000011
