000000100100011000110000010001000011011000110010001101010011010001000100001100000011001000111001010001000011001100110000001100000011000100110000001100000011000000110000010000110011100100110001001100000011000000110000011101011000101000000011
000000100100011000110000010001000011011000110010001101010011010001000100001100000011001000111001010001000011001100110000001100000011000100110000001100000011000000110000010000110011100100110001001100000011000000110000011101011000101000000011
000000100100011000110000010001000011011000110010001101010011010001000100001100000011001000111001010001000011001100110000001100000011000100110000001100000011000000110000010000110011100100110001001100000011000000110000011101011000101000000011
000000100100011000110000010001000011011000110010001101010011010001000100001100000011001000111001010001000011001100110000001100000011000100110000001100000011000000110000010000100011100100110000001100000011000000110000011101011000101000000011
000000100100011000110000010001000011011000110010001101010011010001000100001100000011001000111001010001000011001100110000001100000011000100110000001100000011000000110000010000100011100100110000001100000011000000110000011101011000101000000011
000000100100011000110000010001000011011000110010001101010011010001000100001100000011001000111001010001000011001100110000001100000011000100110000001100000011000000110000010000100011100100110000001100000011000000110000011101011000101000000011
000000100100011000110000010001000011011000110010001101010011010001000100001100000011001000111001010001000011001100110000001100000011000100110000001100000011000000110000010000100011100100110000001100000011000000110000011101011000101000000011
000000100100011000110000010001000011011000110010001101010011010001000100001100000011001000111001010001000011001100110000001100000011000100110000001100000011000000110000010000100011100100110000001100000011000000110000011101011000101000000011
000000100100011000110000010001000011011000110010001101010011010001000100001100000011001000111001010001000011001100110000001100000011000100110000001100000011000000110000010000010011100100110001001100000011000000110000011101111000100000000011
000000100100011000110000010001000011011000110010001101010011010001000100001100000011001000111001010001000011001100110000001100000011000100110000001100000011000000110000001110010011100100110001001100000011000000110000000011111111000000000011
000000100100011000110000010001000011011000110010001101010011010001000100001100000011001000111001010001000011001100110000001100000011000100110000001100000011000000110000001110010011100100110001001100000011000000110000000011111111000000000011
