0011010100110001001100000011000000110000011110111000010000000011
000000100100011000110000010001000011011000110010001101010011010001000100001100000011001000111001010001000011001100110000001100000011000100110000001100000011000000110000001110010011010100110001001100000011000000110000000000111111110000000011
000000100100011000110000010001000011011000110010001101010011010001000100001100000011001000111001010001000011001100110000001100000011000100110000001100000011000000110000001110000011010100110000001100000011000000110000000000111111110000000011
000000100100011000110000010001000011011000110010001101010011010001000100001100000011001000111001010001000011001100110000001100000011000100110000001100000011000000110000001110000011010100110000001100000011000000110000000000111111110000000011
000000100100011000110000010001000011011000110010001101010011010001000100001100000011001000111001010001000011001100110000001100000011000100110000001100000011000000110000001110000011010100110000001100000011000000110000000000111111110000000011
000000100100011000110000010001000011011000110010001101010011010001000100001100000011001000111001010001000011001100110000001100000011000100110000001100000011000000110000001101110011010100110000001100000011000000110000000011001111001100000011
000000100100011000110000010001000011011000110010001101010011010001000100001100000011001000111001010001000011001100110000001100000011000100110000001100000011000000110000001101110011010100110000001100000011000000110000000011001111001100000011
000000100100011000110000010001000011011000110010001101010011010001000100001100000011001000111001010001000011001100110000001100000011000100110000001100000011000000110000001101110011010100110000001100000011000000110000000011001111001100000011
000000100100011000110000010001000011011000110010001101010011010001000100001100000011001000111001010001000011001100110000001100000011000100110000001100000011000000110000001101110011010100110000001100000011000000110000000011001111001100000011
000000100100011000110000010001000011011000110010001101010011010001000100001100000011001000111001010001000011001100110000001100000011000100110000001100000011000000110000001101110011010100110000001100000011000000110000000011001111001100000011
000000100100011000110000010001000011011000110010001101010011010001000100001100000011001000111001010001000011001100110000001100000011000100110000001100000011000000110000001101110011010100110000001100000011000000110000000011001111001100000011
000000100100011000110000010001000011011000110010001101010011010001000100001100000011001000111001010001000011001100110000001100000011000100110000001100000011000000110000001101110011010100110000001100000011000000110000000011001111001100000011
000000100100011000110000010001000011011000110010001101010011010001000100001100000011001000111001010001000011001100110000001100000011000100110000001100000011000000110000001101100011010100110001001100000011000000110000000011001111001100000011
000000100100011000110000010001000011011000110010001101010011010001000100001100000011001000111001010001000011001100110000001100000011000100110000001100000011000000110000001101100011010100110001001100000011000000110000000011001111001100000011
000000100100011000110000010001000011011000110010001101010011010001000100001100000011001000111001010001000011001100110000001100000011000100110000001100000011000000110000001101100011010100110001001100000011000000110000000011001111001100000011
000000100100011000110000010001000011011000110010001101010011010001000100001100000011001000111001010001000011001100110000001100000011000100110000001100000011000000110000001101100011010100110001001100000011000000110000000011001111001100000011
000000100100011000110000010001000011011000110010001101010011010001000100001100000011001000111001010001000011001100110000001100000011000100110000001100000011000000110000001101100011010100110001001100000011000000110000000011001111001100000011
000000100100011000110000010001000011011000110010001101010011010001000100001100000011001000111001010001000011001100110000001100000011000100110000001100000011000000110000001101100011010100110001001100000011000000110000000011001111001100000011
000000100100011000110000010001000011011000110010001101010011010001000100001100000011001000111001010001000011001100110000001100000011000100110000001100000011000000110000001101100011010100110001001100000011000000110000000011001111001100000011
000000100100011000110000010001000011011000110010001101010011010001000100001100000011001000111001010001000011001100110000001100000011000100110000001100000011000000110000001101100011010100110001001100000011000000110000000011001111001100000011
000000100100011000110000010001000011011000110010001101010011010001000100001100000011001000111001010001000011001100110000001100000011000100110000001100000011000000110000001101100011010100110001001100000011000000110000000011001111001100000011
